1.2717265
0.99882954
0.63343704
1.1061509
-0.18962264
0.046293106
-0.55354863
-0.51353955
-0.7193067
0.14401394
-0.6094121
-0.24061114
-0.50397354
-0.49653703
-0.8766785
1.1304339
0.68937325
0.8437475
0.008284345
0.8665206
-0.07434591
-0.6392798
-1.0442158
-0.44643164
0.62677956
-0.55168325
0.0815269
-1.0378233
-0.1872933
-0.17086548
-0.7151093
-0.035333764
-0.5579383
-1.2613617
-0.6802737
-0.26847553
-1.7696879
-0.39789551
-0.43350765
0.20200717
0.49705225
-0.52212626
-0.6789813
0.0038344744
-0.21497966
-0.17542106
-0.82363796
-0.031382807
-0.86092895
0.13154161
0.6271258
-0.6834561
0.06994919
0.25498816
-0.022817595
0.78298753
0.15440857
-0.18855359
0.3859948
0.067721754
-0.053637292
0.15415162
0.14696424
0.28810626
0.4106228
-0.9323755
0.6293779
0.86002594
-0.36860105
-0.15382928
0.44071287
-0.19285026
0.39773294
-0.43190205
0.056779277
-1.0448778
-0.028153628
0.33579186
0.30884537
0.39392763
0.67484576
-1.0991036
0.7394229
-0.035659205
0.39794293
0.34977874
0.44997865
-0.48537245
-0.9205964
-0.45885432
-0.33949718
-0.09547978
0.47935906
0.65073806
0.6786959
0.35311374
-0.043162245
-0.67596924
0.06553079
-0.4808571
0.55929875
0.36383212
0.36293527
0.31083998
0.09286104
-0.12768146
0.8135991
0.70025826
0.5537005
0.418228
-0.9896642
-0.6253433
-0.081710346
0.786256
-0.9734445
-0.20337667
-0.8266934
0.47699562
-0.37101284
0.37128484
0.95702094
-0.4118213
0.9106638
-0.60197306
0.65952176
0.84121287
0.43360662
0.09295316
-0.77157015
-0.5339201
-0.13284566
0.094678156
-0.81354684
-0.80299145
0.8948375
0.86199003
-0.65509456
-0.9400985
-0.47371858
0.5580193
0.3411203
-0.24076839
0.1326264
-0.74340177
1.0278201
-0.5685842
0.61727554
-0.598447
0.10176396
0.3355303
0.8154344
0.26284266
-0.91297156
0.5213934
0.006138341
-0.6281419
0.5411091
0.3322062
-0.19135837
-0.8221101
-0.08774949
0.03562125
0.38572907
-0.10347227
0.9013285
-0.70715034
-0.14503391
0.40912548
0.60252774
0.07960979
0.51259464
-0.0066120755
-0.5585135
-0.8302821
-0.7429735
1.0913168
0.62461233
0.33324295
0.6971928
0.6603139
1.037723
-0.276715
0.40471596
-0.44191357
-0.5400548
1.0315667
-0.6870315
-0.58756375
-0.7091777
0.9327006
0.92681974
0.6347343
0.3025369
1.0178349
-0.77950203
-0.7690054
0.6205687
0.12835762
-0.43047044
0.3392608
0.38202187
0.34452897
0.6401165
-0.50344133
0.6518361
-0.8609393
0.78408545
-0.521609
-0.8888491
0.7586784
0.27230015
0.72678584
-0.651287
0.14880604
-0.13989764
-0.33845797
0.70793515
0.8589892
-0.53382814
0.28228277
-0.79377323
-0.101061046
0.753955
0.7640277
-0.118063085
-0.67945445
0.27726403
-0.2403848
-0.31719217
-0.44289175
0.8429779
-0.70409167
1.0077769
0.16991724
0.84193856
-0.45965785
0.2999724
0.4670194
-0.08755373
0.85725844
-0.61747456
-0.15754355
0.38829386
-0.18152115
0.7546936
-0.37958312
-0.61627865
-0.15909795
0.4579685
-0.14019947
-0.49910516
-0.25394732
-0.07144075
-0.5833924
-0.0831015
0.6435094
-0.0610155
-0.18018553
-0.8963436
0.2882382
-0.89739305
1.0147858
0.9190569
-0.1915426
-0.1993136
0.96133304
-0.7724719
0.045906004
0.23502553
-0.87896085
0.9232494
0.4584804
0.9586107
0.9520245
0.39838263
0.35376465
-0.18860443
-0.06480126
-0.74710226
0.6765614
0.5185445
0.10017222
-0.22561818
-0.13558312
-0.0946467
-0.5820086
0.9887159
0.6253092
0.29569128
-0.33358812
0.9945223
0.6061566
0.52899784
-0.92116785
-0.6955457
-0.22598197
0.69203514
-0.42980847
0.8806214
0.7187286
0.11946919
-0.0589745
0.46006733
0.2841629
0.26155555
-0.74116063
-0.6303558
-0.42748934
-0.25363934
0.55526114
0.41911912
-0.048669167
0.7061295
0.13613072
-0.82606715
0.04886712
-0.32005748
0.21006219
0.52823263
-0.8879074
0.8964869
-0.3411292
0.57051486
0.032483507
0.12586518
-0.3768237
0.4199599
-0.7534285
0.87768316
-0.15136641
-0.43268976
-0.017869262
0.6753678
-0.67185545
-0.43710455
-0.5297841
-0.053811077
-0.63531035
-0.15519355
0.15849198
0.15518533
0.6837177
0.8015117
0.52147037
-0.022520158
-0.38082418
0.95937884
-0.78889626
0.21189071
0.17208971
0.3232742
0.49622756
0.76708096
-0.7814847
0.2565805
0.5076337
0.70746535
0.10279663
0.35754693
0.099188395
0.04149815
0.6854174
-0.68257046
-0.7506091
0.1298874
0.93121654
0.8358868
0.34767997
-0.492352
-0.5185536
-0.12470271
-0.35169518
-0.27318364
0.4235688
-0.77319574
-0.14209424
0.040070385
-0.8931077
-0.85489386
-0.047254935
-0.76595384
-0.66811687
0.3219995
0.6057345
-0.27450645
-0.29700804
0.0098071145
-0.065949105
0.36919138
0.7362008
0.6400768
-0.25749475
-0.46782503
-0.22003566
-0.91982186
-0.4602466
-0.9220608
-0.07104888
0.23003347
0.4724198
0.13441187
0.20015898
-0.3052564
-0.0623618
0.9263808
-0.30855075
0.4412285
0.77963454
-0.39892876
-0.4523323
-0.8416994
-0.43773496
0.5182541
0.111015745
0.80226517
-0.68240005
0.026131405
0.15104084
0.6859473
0.43984202
-0.068148226
0.24573126
0.061464693
0.47518462
-0.0913185
0.43364954
0.17740157
0.72015905
-0.15422735
-0.4080181
0.94071275
-0.6418047
0.0949638
-0.23874141
-0.9194
-0.19482282
-0.34586996
0.18832168
-0.19644475
-0.5733988
0.10500968
0.72125876
-0.75706154
-0.6495624
-0.5703871
0.040662427
0.76406145
-0.27181956
-0.0053983536
0.40083832
-0.71886903
0.588408
0.35893357
-0.5523023
-0.8716248
-0.54289913
0.21227466
-0.7076005
-0.78302234
0.93792474
0.20722361
0.47485152
0.24811284
-0.2702165
0.54067516
-0.48457965
0.71808714
-0.5586135
-0.94155204
-0.39873216
-0.28705177
-0.40819073
-0.14998409
0.11115883
0.17375487
0.42297643
0.7886632
-0.9365686
0.45777878
-0.875745
-0.10557588
-0.8949218
0.8640735
0.51423633
-0.8903336
0.08480212
-0.88178724
-0.63436985
0.51281023
-0.06178567
0.70703155
0.99935734
-0.099113785
0.10672499
0.45538822
-0.8241187
0.18490624
0.6140811
0.7076576
-0.1665622
0.10576509
0.49518865
-0.8072373
-0.33579195
0.41156092
0.24308579
-0.35754305
0.28112218
-0.175513
-0.23638302
-0.9029171
-0.68752384
0.28381887
