0.45379806
0.47638673
0.18223467
0.9044862
-0.63291913
-0.15117694
0.5112114
-0.2429968
0.9290418
-0.6348002
0.45796466
-0.5767933
0.6011332
0.8366794
-0.88894755
0.2742431
-0.4418812
-0.69471127
-0.22489643
-0.3140193
0.34087196
-0.98504555
-0.68575495
0.43954504
0.45924744
0.1414673
-0.43988448
0.69036263
0.56351864
-1.0554668
0.1537304
-0.98600763
0.5244813
0.69303954
-0.5431249
-0.759061
0.05669383
-0.637627
-0.0032636954
-0.38919696
0.6356351
0.22131546
-0.69935733
-0.7417584
0.43846807
-0.4668766
-0.79107636
0.22042677
1.1918343
0.8365669
-0.7359017
0.46301147
-0.07301689
-0.21371524
-0.9614832
0.25717676
-0.11782489
-0.32915694
-0.49088496
0.6041345
0.9287753
-0.20393765
-0.22118597
0.40544662
0.90418625
0.14642034
0.52878714
-0.16933012
0.70931023
-0.20532405
-0.7840175
0.9002063
0.05800613
0.05040434
-0.65461713
-0.26449206
0.3935389
0.24912082
0.64035314
-0.5552383
0.48072845
0.4857087
-0.32900327
0.82025313
0.94547933
0.111388035
-0.30364034
-0.39477694
-0.8407081
0.2723501
1.0700727
-0.7626397
-0.40505385
-0.23410429
1.0642495
-0.9130201
-0.3078054
-0.4037913
0.5666016
0.8381373
0.20183662
0.33134618
-0.011669102
-0.76614314
-0.19706427
0.32135296
0.4614184
-0.58377457
-0.36948836
1.0119193
0.02157345
-0.65382516
-0.46414348
-0.64008605
0.24192047
0.21634278
-0.79506415
0.09726399
-0.76437825
0.66285855
0.7890001
-0.68312234
0.7434249
-0.4855967
0.15061642
0.3698754
-0.8571256
0.1986268
-0.8948723
-0.58301294
-0.75630075
0.24083674
-0.14883769
0.18769339
-0.3798844
0.6624453
0.37077755
-0.8886211
0.81615645
-0.19682583
0.712547
-0.854376
1.076302
-0.35663307
-0.45982733
-0.2731267
-0.8663778
0.17482893
0.049882364
0.0165749
-0.1821467
0.8420102
-0.63587254
-0.6066631
-0.58275
-0.6149205
-0.02447703
-0.7114343
-0.64726645
0.9577188
0.07654707
-0.37959516
0.19906773
-0.8396383
0.7813434
0.71119785
-0.3178399
-0.071709394
0.7815953
0.15558271
-0.7065909
-0.35603514
-0.58915377
-0.88759434
0.44360563
-0.3292316
0.33276615
1.140583
0.76873326
0.096567735
-0.5307277
0.26495877
0.33537722
-0.46802488
-0.69579196
0.57797205
-0.89422995
-0.30624065
-0.2978008
-0.7886597
-0.44300357
0.0057045706
-0.87326545
0.20814519
-0.12566957
0.5169804
0.84221745
-0.9810322
0.09124481
0.39434034
0.24696858
-0.58839357
-0.18774553
-0.31524026
-0.0443268
-0.1480165
0.13714956
0.91184026
0.014695955
-0.2340551
0.64092666
-0.11575972
-0.37260166
-1.0723159
-0.7905209
-0.7432657
-0.23742254
0.017176118
-0.9127242
-0.3811204
0.71221715
-0.6630923
0.62974423
0.8547036
0.8349777
-0.3988145
-0.83917266
0.0586324
1.0097613
-0.8831249
0.21909197
0.84869
0.32287833
-0.5098218
-0.8448811
0.6194914
-0.10691788
0.809265
0.45633307
0.69547147
0.814255
-0.18188296
0.60198444
-0.25805157
0.37972718
-0.89723074
0.030316165
0.25847864
-0.36078855
0.48614666
0.7435955
0.8141235
0.3524577
-0.42473698
0.26553112
0.6759557
0.5993448
0.787522
-0.903333
-0.63463753
0.54038656
0.11850147
-0.6928911
0.2990711
-0.17512788
-0.7483794
0.053935662
0.5247419
-0.39196685
0.098895155
-0.40669274
0.28699446
-0.31863925
-0.22112072
0.8201086
-0.71872973
-0.9774636
-0.3063423
-0.45576218
-1.0105395
0.86588705
-0.16657716
0.5102217
0.34679395
-0.25214297
-0.11381463
-0.54180974
9.301333E-4
-0.19711237
-0.802867
0.30989325
0.3749488
0.61012113
0.14229064
0.93905884
-0.48119712
-0.19721164
0.632731
0.61865145
-0.81418556
0.6606665
-0.5787807
-0.49968767
0.07475953
0.59248674
-0.40943795
-0.0020425566
-0.5396179
-0.42429155
-0.82680327
-0.1570446
0.8388953
-0.51352066
0.30786368
1.0855854
0.3173067
0.70789236
0.37924483
-0.6263597
-0.8612152
0.41686267
-0.16228339
0.77084625
0.6752386
-0.52529275
-0.6314113
0.6503569
0.46738246
0.7750357
0.12845846
-0.046562158
-0.64774203
-0.24254991
0.08790481
-0.7134659
-0.5526609
-0.11378466
0.07405137
0.6049133
-0.30705208
-0.18516637
-0.030680977
0.02941859
0.3172816
0.6389843
0.762397
0.0060950834
0.8236665
0.6749976
0.011841006
0.6345192
0.45419607
0.0087404
-0.18910488
-0.09285079
0.9510285
-0.6642943
-0.12229215
0.097554825
0.4769181
0.856437
-0.007380564
0.38070554
-0.3349668
-0.095047995
0.37680742
0.089853786
0.089339666
-0.57726485
-0.78827256
-0.4351702
0.7807808
0.780711
-0.64697355
0.68569845
-0.024201354
-0.90819144
-0.73560005
0.14152807
-0.35225007
-0.15090638
0.25618237
0.23686859
0.64041805
-0.94496596
-0.7737159
-0.58736557
0.1115045
0.196213
0.19110417
0.3196254
0.6966446
-0.5346947
0.3946786
0.23941286
0.86505455
-0.18911423
0.9911655
-0.19422348
0.06273572
-0.46603262
-0.5498253
0.44645774
-0.58903724
-0.4716172
-0.47068855
-0.9531335
0.59500235
0.79459304
0.1260488
0.33002695
-0.550964
0.20790023
-0.8635198
0.043614894
0.27503556
-0.8934191
0.013759522
-0.38132656
0.030646749
-0.5786613
-0.5459683
-0.19678147
-0.10207967
0.9192337
-0.6417079
-0.35056213
0.33899713
-0.32741866
0.54074436
0.37633416
0.5551951
0.7492446
0.89149266
-0.0053860424
0.072692744
0.9168541
-0.9330468
0.27413052
0.7658977
-0.5225903
-0.51555306
-0.94933176
-0.17621745
-0.09495315
-0.6330758
-0.59496504
0.25972497
-0.501215
-0.20083694
0.6290403
0.3771508
-0.4191942
-0.26194024
-0.06245435
-0.7288823
-0.7099179
-0.300835
-0.32881114
0.16942053
-0.9126594
0.4366876
-0.31471613
-0.92151815
-0.17006876
-0.4922381
0.6388054
0.8906432
-0.132177
-0.21162863
-0.41388476
-0.5526724
0.7846414
-0.42532897
0.82289255
-0.6546323
0.7877589
-0.07792038
0.64654535
-0.6158561
0.10438551
0.16314675
-0.8406202
-0.58310807
-0.5454622
0.4841314
-0.5375082
0.653888
-0.16185135
0.3884254
0.71060526
-0.5505672
-0.4348815
-0.44069177
0.091470465
0.50693935
0.7662235
-0.36446348
0.6557444
0.32525203
0.2853239
-0.4503862
0.7089448
-0.67153573
-0.6374542
-0.90760136
0.28489754
-0.12663324
0.3140959
-0.57219934
-0.2817099
-0.3770839
0.2674952
