0.055007502
0.25911066
0.2642137
-0.5057086
0.024735048
-0.41810617
0.87995106
-0.96571934
0.7097868
0.8252029
0.7005029
0.7021235
-0.10385281
-0.7147911
-0.8714072
0.24717271
0.175955
-0.030430352
-0.7533931
0.7129682
-0.637747
-0.65510106
-0.7453054
-0.60273486
0.7626191
-0.18298252
0.28176478
0.20913655
0.7832329
-0.7697314
0.5435634
0.52015626
-0.95908964
0.2852598
0.3643252
-0.75793576
-0.727776
0.06964109
-0.034880064
-0.053056452
0.20604275
0.5922967
0.45268452
-0.95110756
0.38718247
0.35373452
-0.82832795
-0.35659257
0.7407325
-0.8591735
0.39978105
-0.97651327
0.44281664
-0.328109
0.21473834
-0.42757085
-0.39321867
-0.6665638
0.23695491
0.4847545
-0.38044927
-0.07467228
0.05161192
0.765305
0.75283724
-0.9207215
0.7657806
-0.013524492
-0.39926642
0.26610044
-0.26817182
0.3814649
0.32358822
-0.3693613
-0.68142366
0.11551476
0.30675766
-0.17680888
0.40722048
0.1964689
0.4832586
0.36663905
-0.15719607
-0.22298147
0.6420326
-0.09764005
-0.9946114
-0.44988573
-0.30949843
0.6798164
0.24664403
-0.40811703
-0.49869373
0.28119972
0.68415385
-0.6696356
0.1338344
-0.3252736
0.34099513
-0.7009118
-0.2779642
0.7616299
0.661726
-0.9648659
-0.9929834
0.31574148
0.5971558
0.13234216
0.71542704
-0.5268332
-0.93633914
-0.702798
0.04373628
-0.50284153
-0.30745736
-0.9774375
-0.20052652
0.325451
0.285653
-0.761948
0.46715647
0.7025605
-0.16388941
0.48560804
-0.9659436
1.0074326
-0.96363276
-0.16333522
-0.9609839
0.10888798
-0.36301732
-0.12207423
-0.4576042
0.04692063
0.62155235
0.34032506
0.46199015
0.4664522
-0.45486188
-0.004278718
0.57559097
0.6051591
-0.43111697
-0.7840568
-0.43466553
0.27816305
0.547374
-0.8035507
-0.12933367
-0.16447265
0.33410132
-0.10207181
-0.9298009
0.38266316
0.21942283
0.38050103
0.15502232
0.35067543
-0.17852819
-0.17662635
-0.5429084
0.60082275
0.8657147
0.8844587
-0.5543647
0.8442388
0.9727776
0.16780043
0.20281279
0.17940415
-0.8939073
-0.2038081
0.2990782
0.25494835
-0.7904892
-0.4937324
0.9855691
-0.5772693
-0.4334083
-0.72731423
-0.90752023
-0.27186057
0.15337841
-0.16434607
-0.14010096
0.5370428
-0.11459433
-0.6648846
0.21325251
-0.86528033
-0.9052391
-0.15813522
0.17266761
-0.60135126
0.97514486
0.47462317
-0.54371613
0.71893626
0.49152216
-0.42879707
-0.86300087
0.100337766
-0.51453155
-0.45341393
-0.07951318
-0.4662503
0.9464392
-0.754521
-0.0482345
-0.66686666
0.14355218
0.5364769
0.11198331
0.8939348
0.17298603
-0.12617609
-0.9335956
0.10572233
0.8233019
-0.30322698
0.55586445
-0.7340118
-0.68471736
0.067981556
-0.89365256
-0.2356102
-0.67775756
0.01803147
-0.7697461
-0.70738125
-0.043916248
0.7047854
0.42446464
-0.33459097
0.6546054
0.7845012
-0.26528373
0.9223962
-0.84847426
0.5574054
0.89816886
0.10285071
0.9483884
-0.3957168
0.95982367
0.27104327
0.15414765
-0.45203972
-0.53628606
0.8121506
-0.7398142
-0.37698254
-0.7488571
0.9405875
1.0000861
-0.37191278
0.29130298
-0.103344075
0.7397494
0.8362404
-0.61305475
0.7903217
0.41099802
-0.8233165
0.4060746
0.20061623
-0.6793056
0.5056337
-0.38882527
-0.47721517
-0.66434246
-0.29386288
0.045515884
-0.79430836
0.39663783
-0.9462959
0.21428536
-0.72864443
-0.95063436
-0.20144734
-0.13948005
0.4414464
0.6871826
-0.40053952
0.73941505
0.6369694
-0.79338086
0.4528612
-0.47174734
-0.7662991
0.7484257
-0.22638369
0.97726595
-0.9557511
-0.6204641
0.99119467
0.2759892
0.27458832
0.2391561
-0.34639677
0.39308316
-0.88615036
0.5653842
-0.7940506
-0.8597954
0.26209116
0.49631032
-0.6257781
0.9392227
0.99529606
-0.33133367
0.095706046
0.99246633
0.42890057
-0.35679394
0.9026277
-0.33624986
-0.7372035
0.036548797
-0.44834542
0.33763465
-0.5878617
-0.6068323
1.004133
-0.36086103
0.9185117
-0.16153419
0.122617364
0.33835292
-0.14264825
0.23157965
0.26038894
0.60458803
0.8552063
0.7706378
0.7379532
-0.012113297
0.15898803
0.90502506
0.9583071
0.9860845
-0.017370246
-0.05422484
0.30435255
-0.17841645
0.23823036
-0.1736505
-0.88814926
-0.61621696
0.9173748
0.0017313256
-0.17038384
0.41389725
-0.49090713
-0.46903315
0.37169203
0.176822
0.15747593
-0.48335835
0.28865135
0.6060831
0.5887087
0.582443
0.86104566
0.7647595
0.2462324
0.041725945
-0.09433713
-0.94239074
0.657815
-0.59576094
0.88881767
-0.14327702
0.2927455
0.40389496
0.69154215
0.6108938
0.018662127
0.838466
-0.36129373
0.8719306
0.29232523
-0.3304061
-0.56448245
0.67929715
-0.17072248
-0.39426303
0.2889731
-0.45940906
-0.3026918
0.714298
-0.50569725
-0.12749338
0.88910913
-0.017358316
0.4151514
0.7224701
0.603631
0.5436492
-0.19623914
0.6825833
0.32377455
0.93120795
-0.16286285
-0.029943187
0.14540377
0.2537944
0.73457277
0.18003865
-0.17475793
-0.68717086
0.20524262
0.28044787
0.4093338
0.014932532
-0.4006622
0.9381575
0.50790715
-0.9793952
-0.7639795
0.60484356
0.9162927
0.790951
0.9660631
-0.58690554
-0.6294314
-0.085505344
0.96558917
-0.6477389
-0.85633767
-0.83526134
-0.6952937
0.9980059
-0.6109835
-0.7620972
-0.10878678
0.5326408
-0.8387895
0.13266592
0.23179962
-0.1796743
-0.6711793
0.57028216
-0.5877083
0.79935485
0.83651036
-0.91437775
0.8676325
-0.309718
0.08415665
-0.14192294
-0.5667441
0.04990249
0.6335456
0.89791673
0.544636
-0.8512027
0.82202023
0.6116511
0.54054004
0.7727609
-0.4858805
0.4169985
-0.5998832
0.062889956
0.6383521
0.8536216
0.5810333
-0.12091562
-0.053299077
-0.9059859
-0.952834
-0.29844937
0.041728154
0.8438203
0.07522481
-0.8579253
0.5278936
-0.79438466
-0.044392332
0.7536753
0.9757518
-0.80175114
-0.6607616
-0.9719592
-0.762838
-0.5966537
0.64609534
0.2335051
0.67413163
-0.54957384
0.66962034
-0.9691818
0.81385577
-0.08076326
0.3510253
0.701903
-0.9303882
-0.3726257
-0.49124205
0.26777726
0.28117067
0.27499607
-0.7247037
-0.23844711
0.051138144
-0.09232344
0.9552665
0.49328265
-0.88651097
0.79354244
-0.9249292
0.07717256
